=============================================
n_gen |  n_eval |     fopt     |     favg    
=============================================
    1 |       8 |  4.18119E+05 |  4.25563E+05
MyCallback for gen 1

+--------+------------+------------------------+------------------------------------------+---------------+
| member | Generation |      pymooParams       |                statefile                 |     score     |
+--------+------------+------------------------+------------------------------------------+---------------+
|   0    |     1      | [ 8 14  0  6  2  1  3] | ['1213b3c5-7c74-44cd-b7cf-7cddff3ef442'] |  [418118.911] |
|   1    |     1      | [ 5 15  2  8 18  5  5] | ['f5ad2beb-e451-473f-851a-0830e4452771'] |  [419853.857] |
|   2    |     1      | [ 2  0 13  4  5  9  1] | ['40311bd8-fa89-43bd-a192-62d2d9ee6150'] | [420143.8195] |
|   3    |     1      | [ 6  7 10  8 13  4 17] | ['2a38c532-1a8c-47d2-944e-881bef847c97'] | [420790.7525] |
|   4    |     1      | [ 0 13  8 11  2  3 16] | ['505192a6-95de-42f7-b14c-648339c59414'] |  [421475.954] |
|   5    |     1      | [ 3 17  1  8 19 10 13] | ['edf922d5-cafe-4128-a135-70cb97edba69'] |  [421741.527] |
|   6    |     1      | [19  6 13 17 17  1  0] | ['9bf9c280-9cef-415f-87c5-e4bc8ed0b26a'] | [424049.9665] |
|   7    |     1      | [ 6 13 16  0 15 19 14] | ['a3a7ba1d-4f01-4529-98d1-00c9bd6e26be'] | [458332.1835] |
+--------+------------+------------------------+------------------------------------------+---------------+
best statefile was for : ['1213b3c5-7c74-44cd-b7cf-7cddff3ef442']
now for next generation
    2 |      16 |  4.18119E+05 |  4.20579E+05
MyCallback for gen 2

+--------+------------+------------------------+------------------------------------------+---------------+
| member | Generation |      pymooParams       |                statefile                 |     score     |
+--------+------------+------------------------+------------------------------------------+---------------+
|   0    |     2      | [ 8 14  0  6  2  1  3] | ['1213b3c5-7c74-44cd-b7cf-7cddff3ef442'] |  [418118.911] |
|   1    |     2      | [ 8 15  0  9 16  4  6] | ['0ec2f093-867b-418f-b66d-93e8c0e70180'] |  [419316.963] |
|   2    |     2      | [ 5 15  2  8 18  5  5] | ['f5ad2beb-e451-473f-851a-0830e4452771'] |  [419853.857] |
|   3    |     2      | [ 2  0 13  4  5  9  1] | ['40311bd8-fa89-43bd-a192-62d2d9ee6150'] | [420143.8195] |
|   4    |     2      | [ 6  7 10  8 13  4 17] | ['2a38c532-1a8c-47d2-944e-881bef847c97'] | [420790.7525] |
|   5    |     2      | [ 8 14  0 11  0  0  5] | ['8fde943b-f73d-4e6c-9e3c-328157409b35'] | [420997.9505] |
|   6    |     2      | [ 0 13  8 11  2  3 16] | ['505192a6-95de-42f7-b14c-648339c59414'] |  [421475.954] |
|   7    |     2      | [15  2 11 18  0  1  3] | ['3547916a-7445-4c94-8ba2-78622c1c5644'] | [423929.9805] |
+--------+------------+------------------------+------------------------------------------+---------------+
best statefile was for : ['1213b3c5-7c74-44cd-b7cf-7cddff3ef442']
now for next generation
    3 |      24 |  4.18119E+05 |  4.20145E+05
MyCallback for gen 3

+--------+------------+------------------------+------------------------------------------+---------------+
| member | Generation |      pymooParams       |                statefile                 |     score     |
+--------+------------+------------------------+------------------------------------------+---------------+
|   0    |     3      | [ 8 14  0  6  2  1  3] | ['1213b3c5-7c74-44cd-b7cf-7cddff3ef442'] |  [418118.911] |
|   1    |     3      | [11 16  0  7  0  0  4] | ['20378173-a267-427a-b820-f8e129fc73c5'] | [418838.3505] |
|   2    |     3      | [ 8 15  0  9 16  4  6] | ['0ec2f093-867b-418f-b66d-93e8c0e70180'] |  [419316.963] |
|   3    |     3      | [ 5 15  2  8 18  5  5] | ['f5ad2beb-e451-473f-851a-0830e4452771'] |  [419853.857] |
|   4    |     3      | [ 2  0 13  4  5  9  1] | ['40311bd8-fa89-43bd-a192-62d2d9ee6150'] | [420143.8195] |
|   5    |     3      | [ 8  7  8 10  4  0 17] | ['bbf85152-ae2b-4cee-97ba-b04532e2b5b5'] |  [420531.997] |
|   6    |     3      | [ 0 13  8 11  2  3 16] | ['505192a6-95de-42f7-b14c-648339c59414'] |  [421475.954] |
|   7    |     3      | [13  5  8 14 16  4  4] | ['603fb049-6893-45ce-a52c-8af71d00b69e'] | [422879.8215] |
+--------+------------+------------------------+------------------------------------------+---------------+
best statefile was for : ['1213b3c5-7c74-44cd-b7cf-7cddff3ef442']
now for next generation
    4 |      32 |  4.18119E+05 |  4.19900E+05
MyCallback for gen 4

+--------+------------+------------------------+------------------------------------------+---------------+
| member | Generation |      pymooParams       |                statefile                 |     score     |
+--------+------------+------------------------+------------------------------------------+---------------+
|   0    |     4      | [ 8 14  0  6  2  1  3] | ['1213b3c5-7c74-44cd-b7cf-7cddff3ef442'] |  [418118.911] |
|   1    |     4      | [ 5 14  2  5  6  2  2] | ['f7067e00-7cc0-4e7a-b49c-7e56420fa0fc'] | [418375.2835] |
|   2    |     4      | [10 14  0  6  2  0  3] | ['cd3290b5-d257-4af3-8d8d-019448aaaab1'] |  [418645.964] |
|   3    |     4      | [ 8 15  0  9 16  4  6] | ['0ec2f093-867b-418f-b66d-93e8c0e70180'] |  [419316.963] |
|   4    |     4      | [ 5 15  2  8 18  5  5] | ['f5ad2beb-e451-473f-851a-0830e4452771'] |  [419853.857] |
|   5    |     4      | [ 8  7  8 10  4  0 17] | ['bbf85152-ae2b-4cee-97ba-b04532e2b5b5'] |  [420531.997] |
|   6    |     4      | [ 0 13  8 11  2  3 16] | ['505192a6-95de-42f7-b14c-648339c59414'] |  [421475.954] |
|   7    |     4      | [13  5  8 14 16  4  4] | ['603fb049-6893-45ce-a52c-8af71d00b69e'] | [422879.8215] |
+--------+------------+------------------------+------------------------------------------+---------------+
best statefile was for : ['1213b3c5-7c74-44cd-b7cf-7cddff3ef442']
now for next generation
    5 |      40 |  4.18119E+05 |  4.19222E+05
MyCallback for gen 5

+--------+------------+------------------------+------------------------------------------+---------------+
| member | Generation |      pymooParams       |                statefile                 |     score     |
+--------+------------+------------------------+------------------------------------------+---------------+
|   0    |     5      | [ 8 14  0  6  2  1  3] | ['1213b3c5-7c74-44cd-b7cf-7cddff3ef442'] |  [418118.911] |
|   1    |     5      | [11 15  0  9 13  2  6] | ['d2984245-62ec-4c3c-92f0-c00a7279ab0e'] |  [418290.998] |
|   2    |     5      | [ 5 14  2  5  6  2  2] | ['f7067e00-7cc0-4e7a-b49c-7e56420fa0fc'] | [418375.2835] |
|   3    |     5      | [10 14  0  6  2  0  3] | ['cd3290b5-d257-4af3-8d8d-019448aaaab1'] |  [418645.964] |
|   4    |     5      | [ 2 14  3  6 18  5  3] | ['d50d6f99-f5bf-4e97-9bbe-2431927d10ea'] | [419117.7255] |
|   5    |     5      | [ 5 15  2  8 18  5  5] | ['f5ad2beb-e451-473f-851a-0830e4452771'] |  [419853.857] |
|   6    |     5      | [ 8  7  8 10  4  0 17] | ['bbf85152-ae2b-4cee-97ba-b04532e2b5b5'] |  [420531.997] |
|   7    |     5      | [ 1 14  3 10  5  0 17] | ['911349b5-78df-4fde-a741-92edeb8e19e8'] |  [420843.955] |
+--------+------------+------------------------+------------------------------------------+---------------+
best statefile was for : ['1213b3c5-7c74-44cd-b7cf-7cddff3ef442']
now for next generation
    6 |      48 |  4.18119E+05 |  4.18989E+05
MyCallback for gen 6

+--------+------------+------------------------+------------------------------------------+---------------+
| member | Generation |      pymooParams       |                statefile                 |     score     |
+--------+------------+------------------------+------------------------------------------+---------------+
|   0    |     6      | [ 8 14  0  6  2  1  3] | ['1213b3c5-7c74-44cd-b7cf-7cddff3ef442'] |  [418118.911] |
|   1    |     6      | [ 3 14  1  5  6  3  3] | ['f6250179-9048-46db-a2bc-77bed1b9aa89'] | [418247.6135] |
|   2    |     6      | [ 6 14  2  5  6  1  2] | ['eef14e50-306a-44e4-9b38-ce496b7f5125'] | [418301.7965] |
|   3    |     6      | [ 8 12  1  6  2  0  5] | ['ecc5a587-77fd-4d5c-9b7e-d1ace8fb012a'] |  [418391.678] |
|   4    |     6      | [10 14  0  6  2  0  3] | ['cd3290b5-d257-4af3-8d8d-019448aaaab1'] |  [418645.964] |
|   5    |     6      | [ 2 14  3  6 18  5  3] | ['d50d6f99-f5bf-4e97-9bbe-2431927d10ea'] | [419117.7255] |
|   6    |     6      | [ 8  7  8 10  4  0 17] | ['bbf85152-ae2b-4cee-97ba-b04532e2b5b5'] |  [420531.997] |
|   7    |     6      | [ 4 15  4  8 18  9  5] | ['f132d9bd-e93a-4c5f-85c1-1f40c4c58fed'] |  [420554.91]  |
+--------+------------+------------------------+------------------------------------------+---------------+
best statefile was for : ['1213b3c5-7c74-44cd-b7cf-7cddff3ef442']
now for next generation
    7 |      56 |  4.17920E+05 |  4.18648E+05
MyCallback for gen 7

+--------+------------+------------------------+------------------------------------------+---------------+
| member | Generation |      pymooParams       |                statefile                 |     score     |
+--------+------------+------------------------+------------------------------------------+---------------+
|   0    |     7      | [ 8 14  0  6  1  1  3] | ['391f93c9-3ea7-4935-ab95-49a00b25aae0'] | [417919.5275] |
|   1    |     7      | [ 8 14  0  6  2  1  3] | ['1213b3c5-7c74-44cd-b7cf-7cddff3ef442'] |  [418118.911] |
|   2    |     7      | [ 3 14  1  5  6  3  3] | ['f6250179-9048-46db-a2bc-77bed1b9aa89'] | [418247.6135] |
|   3    |     7      | [ 7 14  2  5  6  1  2] | ['2c9d55e7-93ee-43ed-88bd-0bbcbce38013'] |  [418301.731] |
|   4    |     7      | [ 6 14  2  5  6  1  2] | ['eef14e50-306a-44e4-9b38-ce496b7f5125'] | [418301.7965] |
|   5    |     7      | [10 14  0  6  2  0  3] | ['cd3290b5-d257-4af3-8d8d-019448aaaab1'] |  [418645.964] |
|   6    |     7      | [ 2 14  3  6 18  5  3] | ['d50d6f99-f5bf-4e97-9bbe-2431927d10ea'] | [419117.7255] |
|   7    |     7      | [ 8  7  8 10  4  0 17] | ['bbf85152-ae2b-4cee-97ba-b04532e2b5b5'] |  [420531.997] |
+--------+------------+------------------------+------------------------------------------+---------------+
best statefile was for : ['391f93c9-3ea7-4935-ab95-49a00b25aae0']
now for next generation
    8 |      64 |  4.17920E+05 |  4.18390E+05
MyCallback for gen 8

+--------+------------+------------------------+------------------------------------------+---------------+
| member | Generation |      pymooParams       |                statefile                 |     score     |
+--------+------------+------------------------+------------------------------------------+---------------+
|   0    |     8      | [ 8 14  0  6  1  1  3] | ['391f93c9-3ea7-4935-ab95-49a00b25aae0'] | [417919.5275] |
|   1    |     8      | [ 3 14  0  4  2  1  2] | ['ac7c7117-5a8f-4125-b24e-9dc25118e5b1'] | [417953.7035] |
|   2    |     8      | [11 14  0  6  0  1  3] | ['66be2fb4-bec8-4fbc-b038-bc5dc36da0eb'] | [418044.3645] |
|   3    |     8      | [ 8 14  0  6  2  1  3] | ['1213b3c5-7c74-44cd-b7cf-7cddff3ef442'] |  [418118.911] |
|   4    |     8      | [ 3 14  1  5  6  3  3] | ['f6250179-9048-46db-a2bc-77bed1b9aa89'] | [418247.6135] |
|   5    |     8      | [ 6 14  2  5  6  1  2] | ['eef14e50-306a-44e4-9b38-ce496b7f5125'] | [418301.7965] |
|   6    |     8      | [ 2 14  3  6 18  5  3] | ['d50d6f99-f5bf-4e97-9bbe-2431927d10ea'] | [419117.7255] |
|   7    |     8      | [ 0 14  2  4  9  3  3] | ['afea273e-3998-4778-8cf1-f3fc3d9901e3'] |  [419415.902] |
+--------+------------+------------------------+------------------------------------------+---------------+
best statefile was for : ['391f93c9-3ea7-4935-ab95-49a00b25aae0']
now for next generation
    9 |      72 |  4.17893E+05 |  4.18135E+05
MyCallback for gen 9

+--------+------------+------------------------+------------------------------------------+---------------+
| member | Generation |      pymooParams       |                statefile                 |     score     |
+--------+------------+------------------------+------------------------------------------+---------------+
|   0    |     9      | [ 3 14  0  4  1  1  2] | ['1d254ce5-f1b7-47c1-b944-4c5b4dccd57b'] |  [417892.664] |
|   1    |     9      | [ 8 14  0  6  1  1  3] | ['391f93c9-3ea7-4935-ab95-49a00b25aae0'] | [417919.5275] |
|   2    |     9      | [ 3 14  0  4  2  1  2] | ['ac7c7117-5a8f-4125-b24e-9dc25118e5b1'] | [417953.7035] |
|   3    |     9      | [11 14  0  6  0  1  3] | ['66be2fb4-bec8-4fbc-b038-bc5dc36da0eb'] | [418044.3645] |
|   4    |     9      | [ 6 14  0  5  2  1  3] | ['86e6d50f-8368-4434-a5ba-56b5c0786825'] | [418172.4665] |
|   5    |     9      | [ 3 14  1  5  6  3  3] | ['f6250179-9048-46db-a2bc-77bed1b9aa89'] | [418247.6135] |
|   6    |     9      | [ 3 14  1  5  9  4  3] | ['4362f0c0-256e-4c76-a5bd-34d1230a1e10'] |  [418299.334] |
|   7    |     9      | [ 5 14  0  4  2  0  2] | ['dc236271-db28-41da-bae5-60193ab5bbda'] |  [418546.517] |
+--------+------------+------------------------+------------------------------------------+---------------+
best statefile was for : ['1d254ce5-f1b7-47c1-b944-4c5b4dccd57b']
now for next generation
   10 |      80 |  4.17446E+05 |  4.18060E+05
MyCallback for gen 10

+--------+------------+------------------------+------------------------------------------+---------------+
| member | Generation |      pymooParams       |                statefile                 |     score     |
+--------+------------+------------------------+------------------------------------------+---------------+
|   0    |     10     | [11 14  0  6  3  2  3] | ['94045cb6-02a8-4fe8-8010-133bb4a38bac'] |  [417445.679] |
|   1    |     10     | [ 3 14  0  4  1  1  2] | ['1d254ce5-f1b7-47c1-b944-4c5b4dccd57b'] |  [417892.664] |
|   2    |     10     | [ 8 14  0  6  1  1  3] | ['391f93c9-3ea7-4935-ab95-49a00b25aae0'] | [417919.5275] |
|   3    |     10     | [ 3 14  0  4  2  1  2] | ['ac7c7117-5a8f-4125-b24e-9dc25118e5b1'] | [417953.7035] |
|   4    |     10     | [ 6 14  0  5  2  1  3] | ['86e6d50f-8368-4434-a5ba-56b5c0786825'] | [418172.4665] |
|   5    |     10     | [ 3 14  1  5  6  3  3] | ['f6250179-9048-46db-a2bc-77bed1b9aa89'] | [418247.6135] |
|   6    |     10     | [ 3 14  1  5  9  4  3] | ['4362f0c0-256e-4c76-a5bd-34d1230a1e10'] |  [418299.334] |
|   7    |     10     | [ 5 14  0  4  2  0  2] | ['dc236271-db28-41da-bae5-60193ab5bbda'] |  [418546.517] |
+--------+------------+------------------------+------------------------------------------+---------------+
best statefile was for : ['94045cb6-02a8-4fe8-8010-133bb4a38bac']
now for next generation
   11 |      88 |  4.17446E+05 |  4.18044E+05
MyCallback for gen 11

+--------+------------+------------------------+------------------------------------------+---------------+
| member | Generation |      pymooParams       |                statefile                 |     score     |
+--------+------------+------------------------+------------------------------------------+---------------+
|   0    |     11     | [11 14  0  6  3  2  3] | ['94045cb6-02a8-4fe8-8010-133bb4a38bac'] |  [417445.679] |
|   1    |     11     | [ 8 14  0  6  0  1  3] | ['7c13c3c8-4af8-4108-abea-5714bb2b7053'] |  [417767.752] |
|   2    |     11     | [ 8 14  0  6  1  1  3] | ['391f93c9-3ea7-4935-ab95-49a00b25aae0'] | [417919.5275] |
|   3    |     11     | [ 3 14  0  4  2  1  2] | ['ac7c7117-5a8f-4125-b24e-9dc25118e5b1'] | [417953.7035] |
|   4    |     11     | [ 6 14  0  5  2  1  3] | ['86e6d50f-8368-4434-a5ba-56b5c0786825'] | [418172.4665] |
|   5    |     11     | [ 3 14  1  5  6  3  3] | ['f6250179-9048-46db-a2bc-77bed1b9aa89'] | [418247.6135] |
|   6    |     11     | [ 3 14  1  5  9  4  3] | ['4362f0c0-256e-4c76-a5bd-34d1230a1e10'] |  [418299.334] |
|   7    |     11     | [ 5 14  0  4  2  0  2] | ['dc236271-db28-41da-bae5-60193ab5bbda'] |  [418546.517] |
+--------+------------+------------------------+------------------------------------------+---------------+
best statefile was for : ['94045cb6-02a8-4fe8-8010-133bb4a38bac']
now for next generation
   12 |      96 |  4.17446E+05 |  4.17987E+05
MyCallback for gen 12

+--------+------------+------------------------+------------------------------------------+---------------+
| member | Generation |      pymooParams       |                statefile                 |     score     |
+--------+------------+------------------------+------------------------------------------+---------------+
|   0    |     12     | [11 14  0  6  3  2  3] | ['94045cb6-02a8-4fe8-8010-133bb4a38bac'] |  [417445.679] |
|   1    |     12     | [ 8 14  0  6  0  1  3] | ['7c13c3c8-4af8-4108-abea-5714bb2b7053'] |  [417767.752] |
|   2    |     12     | [ 8 14  0  6  1  1  3] | ['391f93c9-3ea7-4935-ab95-49a00b25aae0'] | [417919.5275] |
|   3    |     12     | [ 3 14  1  5 12  5  3] | ['6ac51d92-a6ab-4b3c-b0d0-13eba8350067'] |  [417950.444] |
|   4    |     12     | [ 3 14  0  4  2  1  2] | ['ac7c7117-5a8f-4125-b24e-9dc25118e5b1'] | [417953.7035] |
|   5    |     12     | [ 9 14  0  7  0  1  3] | ['00ecfa10-ca42-45ec-823f-bb49cf307838'] | [418014.6065] |
|   6    |     12     | [ 3 14  1  5  9  4  3] | ['4362f0c0-256e-4c76-a5bd-34d1230a1e10'] |  [418299.334] |
|   7    |     12     | [ 5 14  0  4  2  0  2] | ['dc236271-db28-41da-bae5-60193ab5bbda'] |  [418546.517] |
+--------+------------+------------------------+------------------------------------------+---------------+
best statefile was for : ['94045cb6-02a8-4fe8-8010-133bb4a38bac']
now for next generation
   13 |     104 |  4.17446E+05 |  4.17987E+05
MyCallback for gen 13

+--------+------------+------------------------+------------------------------------------+---------------+
| member | Generation |      pymooParams       |                statefile                 |     score     |
+--------+------------+------------------------+------------------------------------------+---------------+
|   0    |     13     | [11 14  0  6  3  2  3] | ['94045cb6-02a8-4fe8-8010-133bb4a38bac'] |  [417445.679] |
|   1    |     13     | [ 8 14  0  6  0  1  3] | ['7c13c3c8-4af8-4108-abea-5714bb2b7053'] |  [417767.752] |
|   2    |     13     | [ 8 14  0  6  1  1  3] | ['391f93c9-3ea7-4935-ab95-49a00b25aae0'] | [417919.5275] |
|   3    |     13     | [ 3 14  1  5 12  5  3] | ['6ac51d92-a6ab-4b3c-b0d0-13eba8350067'] |  [417950.444] |
|   4    |     13     | [ 3 14  0  4  2  1  2] | ['ac7c7117-5a8f-4125-b24e-9dc25118e5b1'] | [417953.7035] |
|   5    |     13     | [ 9 14  0  7  0  1  3] | ['00ecfa10-ca42-45ec-823f-bb49cf307838'] | [418014.6065] |
|   6    |     13     | [ 3 14  1  5  9  4  3] | ['4362f0c0-256e-4c76-a5bd-34d1230a1e10'] |  [418299.334] |
|   7    |     13     | [ 5 14  0  4  2  0  2] | ['dc236271-db28-41da-bae5-60193ab5bbda'] |  [418546.517] |
+--------+------------+------------------------+------------------------------------------+---------------+
best statefile was for : ['94045cb6-02a8-4fe8-8010-133bb4a38bac']
now for next generation
   14 |     112 |  4.17446E+05 |  4.17987E+05
MyCallback for gen 14

+--------+------------+------------------------+------------------------------------------+---------------+
| member | Generation |      pymooParams       |                statefile                 |     score     |
+--------+------------+------------------------+------------------------------------------+---------------+
|   0    |     14     | [11 14  0  6  3  2  3] | ['94045cb6-02a8-4fe8-8010-133bb4a38bac'] |  [417445.679] |
|   1    |     14     | [ 8 14  0  6  0  1  3] | ['7c13c3c8-4af8-4108-abea-5714bb2b7053'] |  [417767.752] |
|   2    |     14     | [ 8 14  0  6  1  1  3] | ['391f93c9-3ea7-4935-ab95-49a00b25aae0'] | [417919.5275] |
|   3    |     14     | [ 3 14  1  5 12  5  3] | ['6ac51d92-a6ab-4b3c-b0d0-13eba8350067'] |  [417950.444] |
|   4    |     14     | [ 3 14  0  4  2  1  2] | ['ac7c7117-5a8f-4125-b24e-9dc25118e5b1'] | [417953.7035] |
|   5    |     14     | [ 9 14  0  7  0  1  3] | ['00ecfa10-ca42-45ec-823f-bb49cf307838'] | [418014.6065] |
|   6    |     14     | [ 3 14  1  5  9  4  3] | ['4362f0c0-256e-4c76-a5bd-34d1230a1e10'] |  [418299.334] |
|   7    |     14     | [ 5 14  0  4  2  0  2] | ['dc236271-db28-41da-bae5-60193ab5bbda'] |  [418546.517] |
+--------+------------+------------------------+------------------------------------------+---------------+
best statefile was for : ['94045cb6-02a8-4fe8-8010-133bb4a38bac']
now for next generation
   15 |     120 |  4.17446E+05 |  4.17955E+05
MyCallback for gen 15

+--------+------------+------------------------+------------------------------------------+---------------+
| member | Generation |      pymooParams       |                statefile                 |     score     |
+--------+------------+------------------------+------------------------------------------+---------------+
|   0    |     15     | [11 14  0  6  3  2  3] | ['94045cb6-02a8-4fe8-8010-133bb4a38bac'] |  [417445.679] |
|   1    |     15     | [ 8 14  0  6  0  1  3] | ['7c13c3c8-4af8-4108-abea-5714bb2b7053'] |  [417767.752] |
|   2    |     15     | [11 14  0  6  5  2  3] | ['f3f2d333-87f1-4ab6-8b19-9abc5c05569a'] |  [417788.333] |
|   3    |     15     | [ 8 14  0  6  1  1  3] | ['391f93c9-3ea7-4935-ab95-49a00b25aae0'] | [417919.5275] |
|   4    |     15     | [ 3 14  1  5 12  5  3] | ['6ac51d92-a6ab-4b3c-b0d0-13eba8350067'] |  [417950.444] |
|   5    |     15     | [ 9 14  0  7  0  1  3] | ['00ecfa10-ca42-45ec-823f-bb49cf307838'] | [418014.6065] |
|   6    |     15     | [ 9 14  0  5  1  1  3] | ['e2dbafcd-0d2d-4dda-8068-7d1dc03bdd6e'] |  [418205.696] |
|   7    |     15     | [ 5 14  0  4  2  0  2] | ['dc236271-db28-41da-bae5-60193ab5bbda'] |  [418546.517] |
+--------+------------+------------------------+------------------------------------------+---------------+
best statefile was for : ['94045cb6-02a8-4fe8-8010-133bb4a38bac']
now for next generation
   16 |     128 |  4.17446E+05 |  4.17955E+05
MyCallback for gen 16

+--------+------------+------------------------+------------------------------------------+---------------+
| member | Generation |      pymooParams       |                statefile                 |     score     |
+--------+------------+------------------------+------------------------------------------+---------------+
|   0    |     16     | [11 14  0  6  3  2  3] | ['94045cb6-02a8-4fe8-8010-133bb4a38bac'] |  [417445.679] |
|   1    |     16     | [ 8 14  0  6  0  1  3] | ['7c13c3c8-4af8-4108-abea-5714bb2b7053'] |  [417767.752] |
|   2    |     16     | [11 14  0  6  5  2  3] | ['f3f2d333-87f1-4ab6-8b19-9abc5c05569a'] |  [417788.333] |
|   3    |     16     | [ 8 14  0  6  1  1  3] | ['391f93c9-3ea7-4935-ab95-49a00b25aae0'] | [417919.5275] |
|   4    |     16     | [ 3 14  1  5 12  5  3] | ['6ac51d92-a6ab-4b3c-b0d0-13eba8350067'] |  [417950.444] |
|   5    |     16     | [ 9 14  0  7  0  1  3] | ['00ecfa10-ca42-45ec-823f-bb49cf307838'] | [418014.6065] |
|   6    |     16     | [ 9 14  0  5  1  1  3] | ['e2dbafcd-0d2d-4dda-8068-7d1dc03bdd6e'] |  [418205.696] |
|   7    |     16     | [ 5 14  0  4  2  0  2] | ['dc236271-db28-41da-bae5-60193ab5bbda'] |  [418546.517] |
+--------+------------+------------------------+------------------------------------------+---------------+
best statefile was for : ['94045cb6-02a8-4fe8-8010-133bb4a38bac']
now for next generation
   17 |     136 |  4.17446E+05 |  4.17837E+05
MyCallback for gen 17

+--------+------------+------------------------+------------------------------------------+---------------+
| member | Generation |      pymooParams       |                statefile                 |     score     |
+--------+------------+------------------------+------------------------------------------+---------------+
|   0    |     17     | [11 14  0  6  3  2  3] | ['94045cb6-02a8-4fe8-8010-133bb4a38bac'] |  [417445.679] |
|   1    |     17     | [ 8 14  0  4  5  1  2] | ['d65638e7-168f-4dc3-8c19-8fece32b63d6'] | [417693.7255] |
|   2    |     17     | [ 8 14  0  6  0  1  3] | ['7c13c3c8-4af8-4108-abea-5714bb2b7053'] |  [417767.752] |
|   3    |     17     | [ 9 14  0  6  0  1  3] | ['9eaba0ff-d82d-4d8f-823c-a8a31ef1a0a8'] | [417767.8465] |
|   4    |     17     | [11 14  0  6  5  2  3] | ['f3f2d333-87f1-4ab6-8b19-9abc5c05569a'] |  [417788.333] |
|   5    |     17     | [ 8 14  0  6  1  1  3] | ['391f93c9-3ea7-4935-ab95-49a00b25aae0'] | [417919.5275] |
|   6    |     17     | [ 9 14  0  7  0  1  3] | ['00ecfa10-ca42-45ec-823f-bb49cf307838'] | [418014.6065] |
|   7    |     17     | [ 0 14  1  5  9  4  3] | ['a62d8c50-a107-4588-bdf7-20856ad6c474'] |  [418296.363] |
+--------+------------+------------------------+------------------------------------------+---------------+
best statefile was for : ['94045cb6-02a8-4fe8-8010-133bb4a38bac']
now for next generation
   18 |     144 |  4.17446E+05 |  4.17786E+05
MyCallback for gen 18

+--------+------------+------------------------+------------------------------------------+---------------+
| member | Generation |      pymooParams       |                statefile                 |     score     |
+--------+------------+------------------------+------------------------------------------+---------------+
|   0    |     18     | [11 14  0  6  3  2  3] | ['94045cb6-02a8-4fe8-8010-133bb4a38bac'] |  [417445.679] |
|   1    |     18     | [11 14  0  6  4  2  3] | ['87aa210d-0f40-4823-a491-a716b8c89306'] |  [417610.83]  |
|   2    |     18     | [ 8 14  0  4  5  1  2] | ['d65638e7-168f-4dc3-8c19-8fece32b63d6'] | [417693.7255] |
|   3    |     18     | [ 8 14  0  6  0  1  3] | ['7c13c3c8-4af8-4108-abea-5714bb2b7053'] |  [417767.752] |
|   4    |     18     | [ 9 14  0  6  0  1  3] | ['9eaba0ff-d82d-4d8f-823c-a8a31ef1a0a8'] | [417767.8465] |
|   5    |     18     | [11 14  0  6  5  2  3] | ['f3f2d333-87f1-4ab6-8b19-9abc5c05569a'] |  [417788.333] |
|   6    |     18     | [ 8 14  0  6  1  1  3] | ['391f93c9-3ea7-4935-ab95-49a00b25aae0'] | [417919.5275] |
|   7    |     18     | [ 0 14  1  5  9  4  3] | ['a62d8c50-a107-4588-bdf7-20856ad6c474'] |  [418296.363] |
+--------+------------+------------------------+------------------------------------------+---------------+
best statefile was for : ['94045cb6-02a8-4fe8-8010-133bb4a38bac']
now for next generation
   19 |     152 |  4.17446E+05 |  4.17786E+05
MyCallback for gen 19

+--------+------------+------------------------+------------------------------------------+---------------+
| member | Generation |      pymooParams       |                statefile                 |     score     |
+--------+------------+------------------------+------------------------------------------+---------------+
|   0    |     19     | [11 14  0  6  3  2  3] | ['94045cb6-02a8-4fe8-8010-133bb4a38bac'] |  [417445.679] |
|   1    |     19     | [11 14  0  6  4  2  3] | ['87aa210d-0f40-4823-a491-a716b8c89306'] |  [417610.83]  |
|   2    |     19     | [ 7 14  0  4  5  1  2] | ['decf6a7c-064c-4f1b-a4d8-536cd1250492'] |  [417693.707] |
|   3    |     19     | [ 8 14  0  6  0  1  3] | ['7c13c3c8-4af8-4108-abea-5714bb2b7053'] |  [417767.752] |
|   4    |     19     | [ 9 14  0  6  0  1  3] | ['9eaba0ff-d82d-4d8f-823c-a8a31ef1a0a8'] | [417767.8465] |
|   5    |     19     | [11 14  0  6  5  2  3] | ['f3f2d333-87f1-4ab6-8b19-9abc5c05569a'] |  [417788.333] |
|   6    |     19     | [ 8 14  0  6  1  1  3] | ['391f93c9-3ea7-4935-ab95-49a00b25aae0'] | [417919.5275] |
|   7    |     19     | [ 0 14  1  5  9  4  3] | ['a62d8c50-a107-4588-bdf7-20856ad6c474'] |  [418296.363] |
+--------+------------+------------------------+------------------------------------------+---------------+
best statefile was for : ['94045cb6-02a8-4fe8-8010-133bb4a38bac']
now for next generation
   20 |     160 |  4.17378E+05 |  4.17757E+05
MyCallback for gen 20

+--------+------------+------------------------+------------------------------------------+---------------+
| member | Generation |      pymooParams       |                statefile                 |     score     |
+--------+------------+------------------------+------------------------------------------+---------------+
|   0    |     20     | [17 14  0  6  2  1  3] | ['3633ade8-13db-4a0d-b24d-ebf7a622c23d'] |  [417377.538] |
|   1    |     20     | [11 14  0  6  3  2  3] | ['94045cb6-02a8-4fe8-8010-133bb4a38bac'] |  [417445.679] |
|   2    |     20     | [ 7 14  0  4  5  1  2] | ['decf6a7c-064c-4f1b-a4d8-536cd1250492'] |  [417693.707] |
|   3    |     20     | [ 8 14  0  6  0  1  3] | ['7c13c3c8-4af8-4108-abea-5714bb2b7053'] |  [417767.752] |
|   4    |     20     | [ 9 14  0  6  0  1  3] | ['9eaba0ff-d82d-4d8f-823c-a8a31ef1a0a8'] | [417767.8465] |
|   5    |     20     | [11 14  0  6  5  2  3] | ['f3f2d333-87f1-4ab6-8b19-9abc5c05569a'] |  [417788.333] |
|   6    |     20     | [ 8 14  0  6  1  1  3] | ['391f93c9-3ea7-4935-ab95-49a00b25aae0'] | [417919.5275] |
|   7    |     20     | [ 0 14  1  5  9  4  3] | ['a62d8c50-a107-4588-bdf7-20856ad6c474'] |  [418296.363] |
+--------+------------+------------------------+------------------------------------------+---------------+
best statefile was for : ['3633ade8-13db-4a0d-b24d-ebf7a622c23d']
now for next generation
generations: 20

state[['3633ade8-13db-4a0d-b24d-ebf7a622c23d']
 ['94045cb6-02a8-4fe8-8010-133bb4a38bac']
 ['decf6a7c-064c-4f1b-a4d8-536cd1250492']
 ['7c13c3c8-4af8-4108-abea-5714bb2b7053']
 ['9eaba0ff-d82d-4d8f-823c-a8a31ef1a0a8']
 ['f3f2d333-87f1-4ab6-8b19-9abc5c05569a']
 ['391f93c9-3ea7-4935-ab95-49a00b25aae0']
 ['a62d8c50-a107-4588-bdf7-20856ad6c474']]
A[['howdy']]
result done
